$ANSIBLE_VAULT;1.1;AES256
37313966313164613336346366383533343831383731393735613433613631383231383338633434
6438633134336361343762383962366634303135653261660a643438373965663533303238306530
39343865346630306235303439646133656135633164323539393138373531363733393330663862
3437396532613336320a333832313931343634363137633330383162353931623236333730633436
37353466633061346633643833653530626462393035653239393833333332386437623037633065
39343763303637366238316632336361666663666665323539316631336434393130623338313264
30643165623734316135376430323932346232333164643737356662656564326231623038663538
35656366663139373630323964633836336633353534313231653961343866616639336566303965
31353736353531633731363862633037346162393332656466373039343839376666653061623831
34636136303639613532363561323238393264643238353264316363363239393138363834646634
61346531353837666561323566336664646461333164393963643130363436613730663637333730
62303263393835376365323764366462303163666638346135333366393537366132313330386438
38373038306539313632316562653533306130623936336263323561343231363633623066336537
38366339633532633733323837636235383964316239333030613432616435656565663331386464
31393236643338616334323736353136383834656137323661316336396135313131363361396436
30616434646334383039363263663561626230613664376234313738666534376332386662346530
30373864663835623565333838653836313435313766623564346564616135666539643937373861
64643764656332376263663265303361653330306562376565643232623831623466646666366236
64356539613866663662633431643132303930633634366537376561366438666236336464623938
64633232336138633762346232336435363665393266623936303466373061383831343062373537
36333161626166343366353538303138363464663937386666306666633562373630356233393138
30373165333664633837633363663133396465346162643330646563616333303331623162386362
63373338616136373531316433366335643061646436306166663837386363333163613863376535
32633732653633376236323465366662666539353532363364346132643661393761306236343863
33393038303033353435653134373031313962663463343166633433616262343530666336343431
39313731323737356634313138313962386539353639313339666238353639306332316465336238
39323232633163666164356138373238313735626337653931393333616239393634393236343334
64663663373635373130613339613831646366616362313735396265303233316162373831653731
34343438356636386163633031326137353165313665623236386331613965373832383763336266
61613464633031333066393465643861636664363664363565626662393663656336363338376639
30373162633230653931616434653137343237613137383165353461333164353537643864663838
30626338666238363765656161316466616532363561643235646330346165633733666638656465
65613832313537386165636365323264363539383237643330613637363561626562653438393864
6264353563303432383430363432666539636666343135353063
