$ANSIBLE_VAULT;1.1;AES256
35376161353432323235376233343930643030373639616565363632653465633934393665356665
3130323062306437653464386162306338633564353434630a323938323338366239353535666531
66336134646361353661653066383761636630356235376264376638633863313730623862383038
6436323365363366390a363031386532633561666130646438386536623461336134343936663734
66313639363933313463613736646561623139373237303537363766343436343738323463333966
31613938663766656330666264373564383231366537363738366230646533623339626236356139
31643232346362643265653662343930326430306464376461623133613937303039633738363230
34353134333031373831323839353437613062626432356164646233316234306338633139633038
64613431316466303664313830316663323030643135643935386635666532633231373538643262
38363937643737636230376333303731613965326566373765373738656666393337336161643530
33633332616466663266373439333635623030616363653132623131613566313034303337633136
30356131393766636231343232356261623237323866346332636536303730663439303838313164
63333439313435353639653765376438316364373261396239363064343732323631376439373761
62653632666132383731623332363837313162303533366564613730623332353565383639663539
35396534353863323662383264333964356666643037616461363539636366383438656334666232
62326265353161653962353761333339343735353836373439653731643239623230326632376637
37636439663736336566333462313039656338333865373037343666333534663739313935373036
37373563663237626363323931343532663462633030363033626665636134333233396539653030
33343366373064326661343464373236663136323266356131343465386663656131633363616666
39373738616461666538386631333732396264623430306135636166646531343965306134643337
37383235393962386434336365366161343866313932613062613934663830626264313439656432
62333066336633326337393130373039616637363831316130366236396666633136653038323230
62346264306336663066333562373430616265323338356530316163373665363631336531663339
34636237653737643132393831636662343236363632626432373834663163646566623530643737
32623233323438656334353630346236373339356664356338313834313462333432633739643133
39313565633634373732393166393336623238636236356539353434303030356536623436363364
38316334343762656364363032306564353263616365636463623363343364343964643738333431
61353837353134633464653961313763643866346363646238653765633034393938313837393533
32366561336461663336313166393337653061363865336666396563333133643533323065636666
39373563396264303564343939336263623763323836316465353636356433646535303237396564
32386562346539306630623636383632376266616334353462656532663263303939636638613265
62343063303431353538336338623938393962326166633930633437346335636632363966646166
36613738666533613965626330386434316232353430313231336437653338623665316532396361
32623664613230353564636464373934626332393466643938396136316565373530663861346232
36393935303233373537326266663164653430386561386265613839393331636662363566386130
39326233366339663235653766343762343833323730323362316537623730613538306261633038
3037
