$ANSIBLE_VAULT;1.1;AES256
33653439643265646232303336656265373861633237653337346464363462383130356233633037
6465343232383837326165666666313361613437333035320a313566373066306136353566393663
30623732313137323866346264663865383764663866326165366530373563363538626462303438
3632616534613136660a353865316333356630383362353963613835623632353430393365323466
30616635393034653234626363343162343763373266396230356662303164663139303166386236
39353038336535636139316435306663646438616434646334613830336635346433666465316661
32613763343261613536366165303334623535626631303461373533353731633066623531386134
38396434356464623634313430643064313832363639353537383233636132623966653238633037
65623631666633366665393938663061383435666533663135633261373232616538373063643862
33623662313266646135646135316138623063666336383731353935306531636566663965313633
31363735366334346231383232336262646163323238383434373664393836373435376665373861
30306466376265323833626466303338376232356666306566353239353732326234353061653665
66663730373838376635393437376163663633363438363061366235326465653332303332386239
33316531376330326331373432636564373437396432356531613538353361346465626238393137
31653430663032356662383962306332343131393136613666393862333534303838393030336362
66623962653539613338323339366366316361343833393634313137386535363939643732373833
66383638373136373930353532363961396530623962303964323465663763316365336239356266
34646239333362333634306639613065346366376538306334313361383235383561623439313935
64366663333463373565633935383835346366636233373430613231363838623239663838333265
33313662393661323339356561383863653665376631303762623763326635306334373034306232
62636663633065346366316164396661303238366632633836313463343239663635333631663130
64666534353433396436393166633233353963383032326135636431343030356334353363303434
65316432653031393034306563303733333839386362393234373463653636306630336236656230
64386532623133653334613465386339623038636639646162323032303737306463383465623063
61386432653966373931396336366465303435636362346463346131333063353639633966666535
3833323336613865663636326262656536383662383937316564
