$ANSIBLE_VAULT;1.1;AES256
64653838386638303233353230616230366238333135313565333237333738626664363566356530
3634666330393161646265346361356364373738393931620a363661656663393636373734396630
33653538356339613237613966343233616133373638356263636137363866363938353437623238
3864316535363537380a353163353738333331643539656166356661633264653532353739343436
62643064623031363135346633656237336437303564393764646438386630636531393864393131
39636532623938643530386131616661383738313639316238303162363636373631636262663231
30383565373162326465656364353561616266396662386561373235366534303835333133316336
34643430626237303464646537373235323865336332623139653137373436353432613830643233
65373438353139653332373539373666363832393035303363393235343034646439616235313562
31396162663665303337383831373631633533396235636437356664376337623936653732393162
32306565646633613839393232656464366135633736643130653332383062356633343461613636
39656331663966323762656161616636383833353166316163613733393334663932623964383334
66356431633332313965366233303464643837313064343136616236663462303763396634383731
6465373337303835306663333466623933373766623530356239
