$ANSIBLE_VAULT;1.1;AES256
30383765643539386362663333363431633265613336383463363834353663306432363839326232
6165363231666435643864633563333034386338666630650a393530633130343264643266373535
34303432653263663530353934643662373532323639356636323535323864336238383934376232
3032353665623662380a623065313934383139306233393238613733396464396230376136363932
31376162373438303639663137613038663164626132623465646530326562616330643339303138
36633366346566363930376265306634626337636131396237396330356632313931653431636131
37616366393538346430343936373539333239353038393136663064333530646336376139373538
34613536336534393663346438316338393736323063646262386234323830356638613835336132
34303565666266363364366238383165386437666233356138393035393337346230333633313836
64623239396562643234306361633963623866326336643936656236363262663337646435366565
35376638356263656465316436306265346633623661393135396266653739616231653966653937
34313964316238393364643333653632373764643264343035333733343861643063666533386566
64643330393965356233313930613561306136373430623864373162316661396231366339396162
61646236303237366161363339353631623464333465633466396361663133653432326635633061
66653333663132353739313537366432623234393263306331623233373639646662313166346462
62326235636465363262643266376337383831346165353863633736643631393436623334663863
39613237343239656530356532656437643866346335643631653435393566656133616334633933
35333039623330306363636262666233326266376231646465663338636162366464623233343662
34326564633230343738376163396435643763376533636634383664333232323239623632393364
63353635613261323832643639663461303330313930663936663538363762623234646432353438
38366436663064343135323632363930313135346439386136326132613130383331366566633461
32336264613135393232343432396139336134353335303235653937373363383734373863303061
63633333623265383332646264663962393232646266633563343462633731623034336462303738
63616133363263313163653965323664393235343331323833346231613231616130373033646461
61663338393535356539646566393038653236383537363066616364386534653235316535363163
63363233613538386133313433363835366333623662343833323535353063623233623338623133
32643133376332373161356437396430633765623064666637616636333930333061396237626265
37353963316537346562316663303863366564616431363930313366363732353335326139383634
62656265353862353636386563363539333662663831333134356531326336656438303936333933
61333438396264653264316361366162616236343131613938643330373033623366326631623539
61393664666331623563623065353865613339653936643931313533656333316662353739653537
31626432366462363831356262346533313739343466663732666561366337323964663431666336
65373137323266336439383166623038646238633234336338373961306430626266316533373233
32316263333536663234386234633063363933623238663965656530653535336130353731373563
61376638303737366339623233343266663565303063663162353337653566646463383933353538
65363733393033326663366638633063633332323765333139633933363731333161363663396532
30333432366465306437666465333433356262313837316232303438626566646534633138616639
38313065303539316630346537343935373065353662383965666337303562333935383737393133
38306436353331363066343132623231613030623864646434313433383335366632623931633639
38333133346531346464393066353963653236316366333161323239616432336437313063613138
30366564646339663432613866356432373966356339613835323437363763346432633432376237
33633565333732616432333731306664373130666663336636343233626361623431613039343834
35353734616437323430663364353139313238383535306431323831653431636635326666333533
33353036663637396235376233656436633630363639373935323063333236393438636566313835
63303966356266653562616165343133653962336535623038623164333631613263363036343636
61626463316461306464326231623631666536636536313735326265633837653033313765633630
33383637626362386431653230376539643264346232343266303937623134623363316434363063
35393361633233333861343561383066353064656138613736353438343635313661383736366566
63386637333165346135393765323433616231653464613433666630303763363766326636383064
31636237343439316631626333363664353461336436386233666537666333653132373561356231
36323434386433306663373062613431663938663366353933653234663730333831373935323264
63666234663337306661316165643561346561376166343839326461633363336334636230343066
39613431633761306466346534643230383830666366323935356130303363316635353633353733
61656166613735643862343134636335666235633635633564373938326365666238616537373562
39666165623666663638313363346434396435646533613164326261366664666165646264643232
36633139633766373833373764663237323838366137356165386335306430333333323863323030
63383638636566303130353964396338633139666265636463633639306636376462386339363462
32323238303838323631393565383765653232613163386233386538393361346433303636313737
38623433666461346265623335333364343763373735363666626462643333666532636664326330
61396634653264373961623363653466666533633833333764633032666334303232363238316636
34376334343164373831623036653565353833303866373830333539353739396636336234613462
39346436323232396565353263663534663032306138366561633663306439663633653937393035
64376265623462363661376432636336633364636438623362333034326231373333326165396632
65313562306135366630383338656264333464386533373661396333353363613336313139626466
38303262316264316235663134613738393730393632636261323866656331636466626534306630
65633236323164646465656266316437323733313563306161646533313138343632633030643032
36383838656662356539326135363565303261653464646262663565633365363133333064383737
65333465376337393764303130383239643939373430323836633137623764343139376134626332
64613062303332316530393936346431336139306165383036353132306235656535613931326464
31316665373663323565303732363639633565363231633332643664626464653037323334356433
34653639376534353837666330643062323239623937373434306435383632396566336433396535
33623439333431396165323536636638356464393133313834663030643738626266356231393034
34333930313038643062623338303533626264656235333665353361636665646632376566333666
32323163353666396331356436326239383336363338353339376463366432636364646162386534
62343033366631386362353037323064643236326431313933343035366137343036656131373035
61653630653439373832363834656632646633623965633962643234633636623634353435646363
39346666626565306332313635643631626233643262663239643835613135303636376439393039
30336139356461313666333137613365353531383061343537383935663261343637656161396635
35663363383135663066303262636564363062323061353834303839363533363963373337306439
34623864633432376133386134616336316464363864353531333233663665636463653561663839
64346662363362303136313733336662323434616263383339663034343430623930663337643231
64623864306137653964366234303665643465373739306162373539316534323632626164323361
65626563383238343332356331623363353962303061313531643738343235373331393434306237
31333664333930633430303466616131653830633661616335653765343465393035316435323061
33326663633538633534666564366135386531363465353862663266303432333934336435343364
30323337616530663533373438336632343762623338663233356335353461336534336461316636
38343738646334346335333234356363323264396465363331356264353663383338396565643733
62633866343261643232326363646330363335393834616137636264366536626339343662643762
38353563663561323030623839323031363230623964313733356534666464393333356139386233
64306135326433643635653865623263643330656265633063366336363836653035343133313634
34626634366533616530383764376463383332613430353339636533646164376165393264666666
30313235393036643539353739376534666530373433613534656662613538383437323335386530
66356661356262643561313136376335306435663835613262326535643930636665346366313363
32353733353437316134613064623062393738366366663339353939373162353736326262356530
32336533373738393932643666343335616531366533366263326266653633376632393963343865
66353030623833303465633263633266393365626233623830353465346137313937393836623032
39373765396437363063656334303165366264363139343065396465306430353965633563396662
30346263333638393234306439316339646130663761393563663037376337636433353337346363
32643361653966613665306233626661616134666531386366353362336563633232346235376438
34393631303931356431663830663863336132633536316534363935313165613330663163633930
32613937653764363164326630663133333763333065316266666439366139336365373535666330
62643231383837636265626264323137366633353935633366336438616632303639333531343963
66623563313732633431623864376461306635346136346139616561396136633938393337643863
65613563633362376433346666633463666533373730646464303365303361326463366233383266
66663837663331306566316563353632396334373932393464333531366563616234306362663866
65353063313863643062363066353861306337336166313136393736306230313036373438313639
30346437313633363462633734386362626566376135303764653466363965666664353633623032
65323530393962623462663463636162383235353538663135613763373038353465306633323032
66663461626235383738343235303233343739336333386666336565383833613764613933313264
31356463343035393639613566313336363533326464633032316234656632346633653264373265
38323633376435666466616230353432306261316164633334666334313036366661353833356363
35656338623663373732613337336565336466666337373562363434353862626333356334343335
61323437643465393161333962656365363461373862306533643633326336613538396264373331
30623165656166323338303831303566326334333230663461653032383733363665643861323666
62393530383338613238326436613136306535663930343464626664353139613331666433646232
61646362646561663336313034353065306364613935373730623635623539653032636333636466
63336566353034306666623063376537323862666262626131393233356239613764316131646239
36646665623239393331656333633634353635326634306431303931353466643638323136623466
62663534613366316664336234313637353634623330626236363736376137373830626461386533
34646166366431396665393336383562646164346338373837373337333933303963323736386164
31373333323336353931633361386338383166663237333263613366613066653834303266326335
31643365633635663533656432373031666236336266343138636565643832666531666261366365
61386232336365323236303038353936396633663233643662643231633839396636383535663164
65653462383166656366396361363339393463323839636338653730306265663339663633383936
39636438303031366562623438613635346365626138616665613933376432643539326639303035
63646562303134353331383030653436336537616431336532656338643462323233353837623832
61303039663237346137633535386563333434353465643238356565633530616464343935613463
35646166623964313834386333383434656636623534653031353534613239643733316531643036
35396365323138653430356435623139326562656361616638616562303235623330386138613137
63303637613365373561653065343135336336323462303662383830663764636631316463336464
61663665393731313033366433323534356133366266343931393138396638616530373164373633
61383765326265666562633439303431316262333935663234656164386637633135653539343730
33333432376665346430316237333862343432363438393765626333373031356261656562363430
35396439383635343231656663626332386634366162633866366139393562393039613265376138
35623431623931623533356238393830353633663034306166663037356261383936646439656531
39373764336365383530626431346537303933626561313930303332333264373230316137316438
63383536356630383332333438336430626338636134643739626632663866393033623165663335
36636636393666353762353831323061323233383532643030633437396161333633343865386238
36646632353830613961633434363865653837396466306463383230316239323635313039333665
62643762343830363865316134363935633266333439323933363832393261306538393932383030
38313864643634376233616437636663656231643537633863636132373437666166333435353862
63336139353635633366376433653636346434626234353731316639373361636664333838323563
38633034636530383362333237313761363662303862626337633964353936636436376438323361
63393061336462323865303433663362363439383064303261353630633465376438653863396634
38313230366239393861666464306263643965376436376433383534306364643839393566363635
64636634613031643933393037653462356337353138663862313836633730353666373338383235
62376130613265623762666236613339393264653239303837366433393263353931346531396163
31356136373362313733613962353666626638373930646136636238343238383663316531316134
65336334353537363238336332343361366234306465343230363566306633383938343530346233
36613165613961326137343063333063623437306533356533613432653964333734346438663739
38646533383535383063333932323138636662643038383831386131383537613236316433663838
66376636356265343666396639616638376538396365656632363631363535366438393565356634
64383530653033333735313765366137633462333761343764333966323634356162396263636636
35373632623335656566336230356564643838646638656562343032336338343161376163386235
64363266313935316363336462626164373534346536633137333234643764636436616164343461
66383662626165316237386631363165313339613164626434323231323537623938343835643138
35386237636630323739323264386561396163323633306666386163383339613566323236643163
31663831323139363136386230383463626232653835323366653064656133646135616163656335
66663238663937313630343665656165393663353833646432386330663134363532656666383166
64323930316632323638663265333835333034313838633039303562313561333161376436343466
38383264366536373938663364653032363937303633373463356338623532346462623430353938
34656639336163613233343338343434303034666265383437323636383634626438323438666337
65386664386664376239306137346230363461646534303730616234323734613334383031326330
35653964333464303438363837353336393566653632663539303466653130626537646566656435
62336264333532353761643534663331303032616635623733346262613234363639353964383363
61386561373536363333353537633165343838366631623464386632323438326532386261333866
35636165393436303136343935633332623330656238396536653066663039616639343464636363
36656364383062386562646564346530316631343537623662393930356164666434306163356239
62623438633030373430336439623933663637363931326461373062333634313632306636653961
39623136343231346265356331353162333235633932303737313062373263323538366537326634
31316636633931336261323735393638313661613735623232643364643630333634383062646662
38616133623733323162383364396137333866396430633562383064356239366131383133363563
30386166343366353564356462646665656636373139616239373066623838393733
