$ANSIBLE_VAULT;1.1;AES256
35353732396433383163336664623565316232626432303333306266383538383365343239643035
3763346634303330353534313632386635646431333931370a666566623632633164623262633235
63643130656262623530363632346339326638303037343237356631363166343866663036663434
3237616339363834640a623861306266366335363637333032656235313539623962383234306666
37623535393133396562323437383363663833353266663432376432356130323131643463613932
66643831386336386438383735666633323035343737613061626263656163663838613035333837
32316463386333613832316264323538313764663765633536353262346439303761396532653836
62316264393632636337646235306233346133303565663830663564633936616133346233626561
64663235353132323436336139643663323764386462313736653935653432323936623733396138
34373063633464623539393064326131613031366630306332656434363762363636663038383833
63363437616538383735303065633239313965353865346235396130306264346138316635333431
36323962393236623837326331616130653839393335313938326335366532613236666131396539
39316336303266666363633161313435373865616333663662626630383161626366343466323963
62373532663237376665663936383230636530656138306163386139663135646433383664643833
66623138663636326539396438323665343736613537366437656535373262666565303736356437
36343665313838393166663438373565363030383738623531366336353930663961393363363561
33623662613766633265363736633164633562376434326334633861373231396433663964363064
36653739613961326435303234346633383461393065653666346664666263303635356139353363
37383266663331643435343234353334636130356130393834373434373164383032626534346233
37303365346461626532336536313833613834623834303533633962613665386261346664623162
62653361333237616339616661343738383531616132323466613662303539646461373339353464
39333234393865373765656265393063303162346331366639663566663733613339333433336538
61613864303135343365633466613831333962663162666238373130626635623064376639396139
36313438353239646637363765383635653132316133363962646133636464663833326236636562
61653663333235636263313361376331326134363661666565663031656335653139
