$ANSIBLE_VAULT;1.1;AES256
30633765363966393063613965333030366336386234386330666533303731326630376563643232
3166353161353363626130343461376434343163343331650a643562613030353339616334646461
38356231333534643561656333363933353466616531346161653864393730343061313238373136
3764323563653734620a343233373031383132623434626130633931363631383565646634376562
65323034383636313862393736633936373965646163363934633637303161613831306563633338
62316464373430653766666266353961666235326131396261363436376364616539653166323333
34666661316435313561626639656533623462343433323433336135376462663463306331656136
63376265346535333436613539636339613831336536636632343437323338623330623734386335
30633664643737363364343535353535373665643435643437326664633534326331346335633133
64326662663534646665353863313861616433626533623938633331643563383638343430313365
32373665636331336130663661336364336434333439353463393237313461613061653763366639
34336165636265336433616236623836666163383236356463623936613537323261396437653761
39316630376137353762653465363838643330636334353335383165343138373964633432316335
66316337656234303232366132666466373537366139306565396439646564613031643062323531
31386134623764653062316333633363316364326265316264393532656233616535653932663331
30333562366365636263643666633430373466646362633737633763333630613636633234353361
61303866663638646637396337393463316431663834353664616430643964616661346632663339
66643766323165313130346335313834623361333564646538306331313530653131643238643538
65663239393231323536316636653137663731326330313732633063383533373937323962626164
64313762366539323965646561333439376566366333363833313730343231343665313665343533
39396331653461613765316234306630323731343465656538623463383339323033393039633433
37373833643535613136303261373862613536656462313065363838353866333839353134383266
30353736633364663661316531326362633238643535383532386630636236623462393437336466
62616136633133346534613232373033636463353862393638363333313764343834616136356166
37643431366365623862303663646338643965613066636537663833666561333537326462383538
31333432303037633238323361393138343131616630663033373431366438353234643030356238
30653265373535326131623064613665393438663462613631323538393732363936303338343834
39636239383036316165643130326330636263656334653836313930356266333166653333633436
35333463636535363133316335636261323566633638313361373565343538346638653636356630
33303733643136326138633332323561353938353534626338636163383332396536353063333864
39383965653439313637663162343065376339623233643365356564353539356238323463373661
33633834303266653431656334386262386162353865646337393436663437323831623330306438
66643664303263626434363166383430306338316263306336363066376533363065366561313131
62353438393437383865313464316537656361366531643432626238653265316230633537613938
39323730326466303966343539633136646335666334383531616266376363373966363638613332
30623364373632313736626163353363353437336432366536363632383063353336343232653866
62303535376237366431396333666333376636333164613030313231666365626661626439396432
33363639643638633531333466313965633938346130336135373865343531393835353666636365
62653763323731653961316135613032653432316135646133633839623264316531373032323561
30646465666261366134323064323166396232343932313133323730626639646366313833376261
31343132313336383966336531373030643337373734626131663730343531393565306635653962
31313336343763396138363331663332653137363335353431613266353531303533376635326261
63353565386335303337386136323132316636373762376538643666383764633035363261626431
30356635623339373030643333366134366632373235383666663063623034653865303933373765
63653337393339633634633235303435663634663335303163373635613532303933326466643962
39643437643461353038323961613733343733616563393462623734383030623736666263386163
65333235343439663365333533356664393663393863393031646164663432363636356665386534
30646265633434356363393364656261343762393130373763656561646164326238653164306435
35666337376465663233376335663731336431646536393232323834366637663833643763386331
65633233613963663730383734336135363430393065373066396430343135616431303737633165
36383663373939373732383139623334386162626435633130393962363461323633663163383333
34646561646438643564623934353139663133623739346230613364643730313965323634383564
33396266316538343865326233363362396138386666303735316538653639633263306332326333
30663437346366393836333932393639666465383131306532646665383161333238396437643361
34336438636662313331643334623765393761666230313934363130303938636162373332303332
32646535353461646563363666353934363565373531333334373432373631633864656434386330
64313139646434663262366539373464386665333761303439666361653331383864613232623833
64646136366533663666316139336432323366333464373264353634376364613865373737336564
31393131613037623637386562373031343461396436663938653932363433306431356236323661
36656265373635656561393866633530386261343161663439383931343765653633313038663033
65323565663232343434366435346638623135613966663931333536376461616432373335616262
35666330383039636535386166356466386639613439613338653231353932396330313762376161
62326163333265653063353635643939396430353864316436633937623531663937636333353664
33623438343733376337353031343333613437333765376139336131313234386665393765316337
35363939373937633165303763373038323534346434366235373635386566636234326330613732
38346635386361666234363966353335373038363133653962616164346635383434653334326463
32313830653262323465616265393136393763363233636364393038363334366637346561366532
39363135303938386239356634653663316134623464653734623033653337306137623630633930
38316430326562656462323666373330633834303437376439336438363363666539386537333962
33663766346333633431393066333366383764633430326361613066376533376431616163383065
30613439316333653533656433303638633165356533376335396465393665646333356261383739
30393533633266383435323534646334656166653530633037333437343661303838303362386566
30326161393139363632336663373738616364623163613839396264373737366364653731666236
34306664663364353430623763373562393933376361663532376364323065386466656563653065
64333663373735666234636639626261363836313463663132663337343065386337303961663535
34663931343365323635316631353335353036663135366330623633343333383037633166623134
63383366396239316564396162356638313464393764313139396435333266373030356232316334
32663230666138666333346564373938633661336462336265646562663433393738323133313230
31346533653835323732316531636663306234353038616565666365613938653837303837633434
39653766336339343936663832643839613162653066656363653664323530313364363833653166
32373534666233373962313233643039373433383263636231623933636130623737643438643466
62633235666538666437353162643665356336313230363038313332643762663030623135636533
36303931613066383536336134623939636134326532333366323534303330336631613834303630
62383434363363313039343937653736663939626338333038343437303234653566633833373234
38336439613432353334353066313634643563323264396361343235323861353662376663313230
31346262383066613338636465316634323939663234623932353237656135623238386230353861
35623766393732636364323230333964633734653133653564636464353461646539623261376663
64626465366338613461666637663263386461396134393031633036383431366134666238326139
61383166366432393635653062316635306336383631343331303462353536323839343934616237
37623936656131346135373333343033616135623039353036656166393464663966383963373230
34646233653963376432383765623633663461373930356632663963343739356563343136366631
36366139383535336133653535366237613033373035366636663032633765326537636235653866
64656433303432326264636262666136386664623034323831393566653535653531313835306464
61643636393361626135616335393466356435303139653361616665373536323666336565316239
39643335373134646131616561356163656531313138376162643635653139353561663733363562
35613336323663643263326564353062333333656432616233366366653636366138626166343339
66643931373862663935663963653338346538663463366461663730653433633262646132346334
37366333636461386431363063363262343538383462383334383539303562373566353136613665
34396531346434366535383134326536303436353864633930656138373762623036316432663865
65343562353061303965306637626639323061376164313263646336303262393031363764626563
34633035616538313266383965643065376561373436346264623531616666613630323233373631
31613035303264333763363865653239646534353761613661633531316530633533393330336265
31656464616534666561393337316435643561333932313662373739366665633037376162326466
36346266363863666235623132633834383330333335623236356236336231626465633134373364
37626661643135353531323263356462326336323761613665646238343137346432356264646464
31373536383131663239363237346362643631386135656538666533343136656234373165666539
62323837633635396436616133663535636666393163656333373566653361336130333135306561
62623762306536623736373836373264663934336563663936383431386130626136346638333436
39373230383666663335666230656333666335376238323566623861626665616337353965353264
66303239383566353166336230646538643233363038303562316637323331303238383434646236
65643061616665326166353961383763643631393932303134313462643361363333663564353637
35633035343337363038616632396238306666633834666336386531613834613834386164623930
36306538646238323438643065333562636239653838653336353036363834346364623537353636
38386136643031613761396234633062323439356262386263366139313431666439376266616264
34386463323131363636353365626463396233616665366332383636666662363063306231623530
37373761633630633562323864356663313737336263616339306634316637623431336566376664
39383261383338346233613162616336653661613663373137633366393333663765313833343361
38326130613061643533323561313064393930373038623635633063306531393665363962353335
30386666336563336337386331363435336438363130346264306632636435633739383366626234
66353733336364663432613137386630333134633666386235653263666634333362343437303964
62366564633937326364323966363664353266303562333735663531353064323762313665393236
39363961346638626334626566633533353762616533393334343335316435303739626665623539
65356530393831613037396166616461343534306437623435666666363561313139306663383430
64336463663336356633633232303435613539373965313861313832316535653538353964323532
33633966313332356666356366646461326365623466313361393633386331313430363233363861
38633563616565393137646332613532363533643437356333666563353139306566313565643232
66326635636233646330346130343238646134303465316434376131353037343434616465643738
38666134386465386336313437316664336632386336626463393739356662653135356534323838
39343435313563353139643938323864326238656663636135383532643135356231366537623365
61336330356334393434653362656466613536656664303634306566616463396161656563323337
64356365373362343034326464663236663861383866623930396339613765333931373939373063
65633835386131626534633332633633633166653830346237613333373264643937656562306566
34343339333534346230663061643233613363323932366431376562313432353430336338323665
34333030393866646233643434353537396232333031376166313831323662343237383364383134
39616361653531663036613032613465646336333434613062393434613836356464393864356439
35323334313661393236646362626330386463396366373537313063616461386562376631316430
63316562346336633565363931646537303037646431663932313838636532656234613866653834
39336132643832633435343762346439396130363964323762653665386363323931653637623134
63636335643734356138333561313832636562646431313637333934653165393762656661653933
30346339356237323263663761386663656235643737643962303065356130373033653237316131
33356164373937313535326234333435343561386631356239356635656239303434613761613561
32393731343965643135646461323761313834363965336631323438653332306535626266306139
32373866333666343032346638393862373862323864333339323363653361663664633465313534
38396132383834333131333532636439666630303538333664313464323166353566323132343061
32663666656434613763396563316537393864353836383336386333303138343839626266643336
37356261356133343933316132636463373066303063613739643832306337636635656636326533
32323562363162306364386134626632386330663435663666666635353561353461656634656163
61616261636539656164666134643736363735643932636536663762376330346161636534613536
35323230396632623865633265393965633565376564633139323737653861633561393864373434
62393864393463333862613963386632373531343337376164346437373739356638636236383232
65653430313137626539666665633965366461653339346539326433616233363530353465643432
36373036366131646632663631393031613765646232616261343930336435373233336337656438
37303861616237396561366463353163663265363966656465313832396438313065353432326235
62333830313132376163326639663462636262353864366331333935386262666135613631396535
35666661373730346662633532313165643766316136356564383164313032346265646663393532
30656366313632356261333363393133366236633030306632623964373738663861663134643730
32623162336361323463333061343834366636613937653966613733306232313363646231313131
63623565656562326137396333636562303630303831643165343135373238616564326231633633
30623366313532383832633037303565353466613939386165396635653836373032303861646362
37646563393130366131636666643938373935343963346531303266353434353961326362383435
38393361313837663265646330373665626631363762313765613962316366316566343938646365
66663265333665356463363862613430343436636134633163326633633333343164346462656565
34636262313439653266313766393138383239363664663330613539326137323431373131303165
64646530336530363937386664313461366236633235326265356336663934336332613934303639
36343832376538336437636331633132343963323934343863626366343933303433626566323064
3238633930363162356635316233633533306336303766353831
