$ANSIBLE_VAULT;1.1;AES256
31326536653939633735373031636538663361356332336531356638356266386433313039613661
6436633135393964666232313365303561386631323936390a313061653835383463313439636637
36353032386232306138383431393636323133643837616562636231653964356532373330353538
3138376661343432350a396665316165316539613263663033363264646637646162313231373063
62353262626230396265333761336634643539336433383561663261353130343333353037313562
35303838643761626564363131326239626139653366336138626639353937626432613032353935
62663662306336623163346465313730663461326632616639316437343331616430386539363165
37333161656431356337313361656265666539363533383062303138366263383039376334633164
64653631343463363036303137356633636139666239613230343164373362643836393866653763
33333537346138383561383032393966343166303964613561326536646362386535326539323639
31363636353834383732343933363834616362653166633462306564386363623732616562663135
39656531613436653662333463353261383230333230333839643338336165343763376630333963
62316663313537326338333263666662343135613235323633613333393161653166613533326361
30343034643934356432646330386633313334613862666561613030326664623063316262386232
30393532666138363231353132303362376162353839346135306666313435626166306531613231
66333261383666313664316462313466626362323663623736333661653437643938316463366561
35343261373035303330623265653937616434663161623235623161633866623661626466353532
63396531326162343139623637393739613661323031363265323336326263356536333734663435
36376532363430393465383934393366323663333939313165376533656261643730666233646230
63306638353633343235663538653734636463346161303338326661336535383766356432333861
31363333633462656333383434623431663333663766373235323134656434386166343338653461
61626538316634643631303339386534313565346437313066303863326239323439643861666666
31323937666439313965653730313738323965386465356336626333623063396432336331363031
32366530393836363136613431323336333133613331383731623563396633316133653165346664
35396464636435636165646431303335366539623130633266623431353237323061393361623030
35653333623664613433636461653134326634663139373164356461313434626638613033656634
31313938396236363938666264613232333037626366626433656137346636626665333933653536
65323733613631613439336537396564643863393732653163636632343062363763306436333433
61303866653030643133626536663036316563393166343436353937666562343765313438353464
30326531633237383066643461653565613632633638346461343835653061326365613435353038
63313766656231626232323963336362346239333261353931366637616637376131363037326662
62646664343830396362643232336138633063376666636362326437643063633262366566336337
37363636313061663739663761353165303166643538613064396438323535616361386433343032
31383032326433616537616534376136336566363838336138663331343736353830353563303461
65613236623630316661386634666165666139613164393832356139356432636137303665333831
63646262336436396661
